; FBX 6.1.0 project file
; Copyright (C) 1997-2008 Autodesk Inc. and/or its licensors.
; All rights reserved.
; ----------------------------------------------------

FBXHeaderExtension:  {
    FBXHeaderVersion: 1003
    FBXVersion: 6100
    CreationTimeStamp:  {
        Version: 1000
        Year: 2013
        Month: 8
        Day: 7
        Hour: 14
        Minute: 53
        Second: 47
        Millisecond: 866
    }
    Creator: "FBX SDK/FBX Plugins version 2009.1"
    OtherFlags:  {
        FlagPLE: 0
    }
}
CreationTime: "2013-08-07 14:53:47:866"
Creator: "FBX SDK/FBX Plugins build 20080516"

; Document Description
;------------------------------------------------------------------

Document:  {
    Name: ""
}

; Document References
;------------------------------------------------------------------

References:  {
}

; Object definitions
;------------------------------------------------------------------

Definitions:  {
    Version: 100
    Count: 14
    ObjectType: "Model" {
        Count: 3
    }
    ObjectType: "Material" {
        Count: 3
    }
    ObjectType: "Texture" {
        Count: 3
    }
    ObjectType: "Video" {
        Count: 3
    }
    ObjectType: "SceneInfo" {
        Count: 1
    }
    ObjectType: "GlobalSettings" {
        Count: 1
    }
}

; Object properties
;------------------------------------------------------------------

Objects:  {
    Model: "Model::Model", "Null" {
        Version: 232
        Properties60:  {
            Property: "QuaternionInterpolate", "bool", "",0
            Property: "RotationOffset", "Vector3D", "",0,0,0
            Property: "RotationPivot", "Vector3D", "",0,0,0
            Property: "ScalingOffset", "Vector3D", "",0,0,0
            Property: "ScalingPivot", "Vector3D", "",0,0,0
            Property: "TranslationActive", "bool", "",0
            Property: "TranslationMin", "Vector3D", "",0,0,0
            Property: "TranslationMax", "Vector3D", "",0,0,0
            Property: "TranslationMinX", "bool", "",0
            Property: "TranslationMinY", "bool", "",0
            Property: "TranslationMinZ", "bool", "",0
            Property: "TranslationMaxX", "bool", "",0
            Property: "TranslationMaxY", "bool", "",0
            Property: "TranslationMaxZ", "bool", "",0
            Property: "RotationOrder", "enum", "",0
            Property: "RotationSpaceForLimitOnly", "bool", "",0
            Property: "RotationStiffnessX", "double", "",0
            Property: "RotationStiffnessY", "double", "",0
            Property: "RotationStiffnessZ", "double", "",0
            Property: "AxisLen", "double", "",10
            Property: "PreRotation", "Vector3D", "",0,0,0
            Property: "PostRotation", "Vector3D", "",0,0,0
            Property: "RotationActive", "bool", "",0
            Property: "RotationMin", "Vector3D", "",0,0,0
            Property: "RotationMax", "Vector3D", "",0,0,0
            Property: "RotationMinX", "bool", "",0
            Property: "RotationMinY", "bool", "",0
            Property: "RotationMinZ", "bool", "",0
            Property: "RotationMaxX", "bool", "",0
            Property: "RotationMaxY", "bool", "",0
            Property: "RotationMaxZ", "bool", "",0
            Property: "InheritType", "enum", "",0
            Property: "ScalingActive", "bool", "",0
            Property: "ScalingMin", "Vector3D", "",1,1,1
            Property: "ScalingMax", "Vector3D", "",1,1,1
            Property: "ScalingMinX", "bool", "",0
            Property: "ScalingMinY", "bool", "",0
            Property: "ScalingMinZ", "bool", "",0
            Property: "ScalingMaxX", "bool", "",0
            Property: "ScalingMaxY", "bool", "",0
            Property: "ScalingMaxZ", "bool", "",0
            Property: "GeometricTranslation", "Vector3D", "",0,0,0
            Property: "GeometricRotation", "Vector3D", "",0,0,0
            Property: "GeometricScaling", "Vector3D", "",1,1,1
            Property: "MinDampRangeX", "double", "",0
            Property: "MinDampRangeY", "double", "",0
            Property: "MinDampRangeZ", "double", "",0
            Property: "MaxDampRangeX", "double", "",0
            Property: "MaxDampRangeY", "double", "",0
            Property: "MaxDampRangeZ", "double", "",0
            Property: "MinDampStrengthX", "double", "",0
            Property: "MinDampStrengthY", "double", "",0
            Property: "MinDampStrengthZ", "double", "",0
            Property: "MaxDampStrengthX", "double", "",0
            Property: "MaxDampStrengthY", "double", "",0
            Property: "MaxDampStrengthZ", "double", "",0
            Property: "PreferedAngleX", "double", "",0
            Property: "PreferedAngleY", "double", "",0
            Property: "PreferedAngleZ", "double", "",0
            Property: "LookAtProperty", "object", ""
            Property: "UpVectorProperty", "object", ""
            Property: "Show", "bool", "",1
            Property: "NegativePercentShapeSupport", "bool", "",1
            Property: "DefaultAttributeIndex", "int", "",-1
            Property: "Lcl Translation", "Lcl Translation", "A+",0,0,0
            Property: "Lcl Rotation", "Lcl Rotation", "A+",0,0,0
            Property: "Lcl Scaling", "Lcl Scaling", "A+",1,1,1
            Property: "Visibility", "Visibility", "A+",1
        }
        MultiLayer: 0
        MultiTake: 1
        Shading: Y
        Culling: "CullingOff"
        TypeFlags: "Null"
    }
    Model: "Model::Component_1_1", "Null" {
        Version: 232
        Properties60:  {
            Property: "QuaternionInterpolate", "bool", "",0
            Property: "RotationOffset", "Vector3D", "",0,0,0
            Property: "RotationPivot", "Vector3D", "",0,0,0
            Property: "ScalingOffset", "Vector3D", "",0,0,0
            Property: "ScalingPivot", "Vector3D", "",0,0,0
            Property: "TranslationActive", "bool", "",0
            Property: "TranslationMin", "Vector3D", "",0,0,0
            Property: "TranslationMax", "Vector3D", "",0,0,0
            Property: "TranslationMinX", "bool", "",0
            Property: "TranslationMinY", "bool", "",0
            Property: "TranslationMinZ", "bool", "",0
            Property: "TranslationMaxX", "bool", "",0
            Property: "TranslationMaxY", "bool", "",0
            Property: "TranslationMaxZ", "bool", "",0
            Property: "RotationOrder", "enum", "",0
            Property: "RotationSpaceForLimitOnly", "bool", "",0
            Property: "RotationStiffnessX", "double", "",0
            Property: "RotationStiffnessY", "double", "",0
            Property: "RotationStiffnessZ", "double", "",0
            Property: "AxisLen", "double", "",10
            Property: "PreRotation", "Vector3D", "",0,0,0
            Property: "PostRotation", "Vector3D", "",0,0,0
            Property: "RotationActive", "bool", "",0
            Property: "RotationMin", "Vector3D", "",0,0,0
            Property: "RotationMax", "Vector3D", "",0,0,0
            Property: "RotationMinX", "bool", "",0
            Property: "RotationMinY", "bool", "",0
            Property: "RotationMinZ", "bool", "",0
            Property: "RotationMaxX", "bool", "",0
            Property: "RotationMaxY", "bool", "",0
            Property: "RotationMaxZ", "bool", "",0
            Property: "InheritType", "enum", "",0
            Property: "ScalingActive", "bool", "",0
            Property: "ScalingMin", "Vector3D", "",1,1,1
            Property: "ScalingMax", "Vector3D", "",1,1,1
            Property: "ScalingMinX", "bool", "",0
            Property: "ScalingMinY", "bool", "",0
            Property: "ScalingMinZ", "bool", "",0
            Property: "ScalingMaxX", "bool", "",0
            Property: "ScalingMaxY", "bool", "",0
            Property: "ScalingMaxZ", "bool", "",0
            Property: "GeometricTranslation", "Vector3D", "",0,0,0
            Property: "GeometricRotation", "Vector3D", "",0,0,0
            Property: "GeometricScaling", "Vector3D", "",1,1,1
            Property: "MinDampRangeX", "double", "",0
            Property: "MinDampRangeY", "double", "",0
            Property: "MinDampRangeZ", "double", "",0
            Property: "MaxDampRangeX", "double", "",0
            Property: "MaxDampRangeY", "double", "",0
            Property: "MaxDampRangeZ", "double", "",0
            Property: "MinDampStrengthX", "double", "",0
            Property: "MinDampStrengthY", "double", "",0
            Property: "MinDampStrengthZ", "double", "",0
            Property: "MaxDampStrengthX", "double", "",0
            Property: "MaxDampStrengthY", "double", "",0
            Property: "MaxDampStrengthZ", "double", "",0
            Property: "PreferedAngleX", "double", "",0
            Property: "PreferedAngleY", "double", "",0
            Property: "PreferedAngleZ", "double", "",0
            Property: "LookAtProperty", "object", ""
            Property: "UpVectorProperty", "object", ""
            Property: "Show", "bool", "",1
            Property: "NegativePercentShapeSupport", "bool", "",1
            Property: "DefaultAttributeIndex", "int", "",-1
            Property: "Lcl Translation", "Lcl Translation", "A+",0,0,0
            Property: "Lcl Rotation", "Lcl Rotation", "A+",0,0,0
            Property: "Lcl Scaling", "Lcl Scaling", "A+",1,1,1
            Property: "Visibility", "Visibility", "A+",1
        }
        MultiLayer: 0
        MultiTake: 1
        Shading: Y
        Culling: "CullingOff"
        TypeFlags: "Null"
    }
    Model: "Model::Mesh1", "Mesh" {
        Version: 232
        Properties60:  {
            Property: "QuaternionInterpolate", "bool", "",0
            Property: "RotationOffset", "Vector3D", "",0,0,0
            Property: "RotationPivot", "Vector3D", "",0,0,0
            Property: "ScalingOffset", "Vector3D", "",0,0,0
            Property: "ScalingPivot", "Vector3D", "",0,0,0
            Property: "TranslationActive", "bool", "",0
            Property: "TranslationMin", "Vector3D", "",0,0,0
            Property: "TranslationMax", "Vector3D", "",0,0,0
            Property: "TranslationMinX", "bool", "",0
            Property: "TranslationMinY", "bool", "",0
            Property: "TranslationMinZ", "bool", "",0
            Property: "TranslationMaxX", "bool", "",0
            Property: "TranslationMaxY", "bool", "",0
            Property: "TranslationMaxZ", "bool", "",0
            Property: "RotationOrder", "enum", "",0
            Property: "RotationSpaceForLimitOnly", "bool", "",0
            Property: "RotationStiffnessX", "double", "",0
            Property: "RotationStiffnessY", "double", "",0
            Property: "RotationStiffnessZ", "double", "",0
            Property: "AxisLen", "double", "",10
            Property: "PreRotation", "Vector3D", "",0,0,0
            Property: "PostRotation", "Vector3D", "",0,0,0
            Property: "RotationActive", "bool", "",0
            Property: "RotationMin", "Vector3D", "",0,0,0
            Property: "RotationMax", "Vector3D", "",0,0,0
            Property: "RotationMinX", "bool", "",0
            Property: "RotationMinY", "bool", "",0
            Property: "RotationMinZ", "bool", "",0
            Property: "RotationMaxX", "bool", "",0
            Property: "RotationMaxY", "bool", "",0
            Property: "RotationMaxZ", "bool", "",0
            Property: "InheritType", "enum", "",0
            Property: "ScalingActive", "bool", "",0
            Property: "ScalingMin", "Vector3D", "",1,1,1
            Property: "ScalingMax", "Vector3D", "",1,1,1
            Property: "ScalingMinX", "bool", "",0
            Property: "ScalingMinY", "bool", "",0
            Property: "ScalingMinZ", "bool", "",0
            Property: "ScalingMaxX", "bool", "",0
            Property: "ScalingMaxY", "bool", "",0
            Property: "ScalingMaxZ", "bool", "",0
            Property: "GeometricTranslation", "Vector3D", "",0,0,0
            Property: "GeometricRotation", "Vector3D", "",0,0,0
            Property: "GeometricScaling", "Vector3D", "",1,1,1
            Property: "MinDampRangeX", "double", "",0
            Property: "MinDampRangeY", "double", "",0
            Property: "MinDampRangeZ", "double", "",0
            Property: "MaxDampRangeX", "double", "",0
            Property: "MaxDampRangeY", "double", "",0
            Property: "MaxDampRangeZ", "double", "",0
            Property: "MinDampStrengthX", "double", "",0
            Property: "MinDampStrengthY", "double", "",0
            Property: "MinDampStrengthZ", "double", "",0
            Property: "MaxDampStrengthX", "double", "",0
            Property: "MaxDampStrengthY", "double", "",0
            Property: "MaxDampStrengthZ", "double", "",0
            Property: "PreferedAngleX", "double", "",0
            Property: "PreferedAngleY", "double", "",0
            Property: "PreferedAngleZ", "double", "",0
            Property: "LookAtProperty", "object", ""
            Property: "UpVectorProperty", "object", ""
            Property: "Show", "bool", "",1
            Property: "NegativePercentShapeSupport", "bool", "",1
            Property: "DefaultAttributeIndex", "int", "",0
            Property: "Lcl Translation", "Lcl Translation", "A+",0,0,0
            Property: "Lcl Rotation", "Lcl Rotation", "A+",0,0,0
            Property: "Lcl Scaling", "Lcl Scaling", "A+",1,1,1
            Property: "Visibility", "Visibility", "A+",1
            Property: "Color", "ColorRGB", "N",0.8,0.8,0.8
            Property: "BBoxMin", "Vector3D", "N",0,0,0
            Property: "BBoxMax", "Vector3D", "N",0,0,0
        }
        MultiLayer: 0
        MultiTake: 1
        Shading: T
        Culling: "CullingOff"
        Vertices: 300.793742061897,0,-182.101642175372,-0.24448604300585,0,-2.53914217537184,-0.244486043005862,0,-182.101642175372
        ,193.816057006706,0,-2.53914217537181,207.378557006706,0,-2.53914217537181,300.793742061897,0,-2.53914217537184,-0.244486043005862
        ,0,-182.101642175372,-0.24448604300585,0,-2.53914217537184,300.793742061897,0,-182.101642175372,193.816057006706,0
        ,-2.53914217537181,207.378557006706,0,-2.53914217537181,300.793742061897,0,-2.53914217537184,304.481242061897,239.25
        ,0.460857824628164,6.60777673456595,239.25,-10.4721698680266,-3.18198604300585,239.25,0.460857824628164,295.170276734566
        ,239.25,-10.4721698680266,295.170276734566,239.25,-177.722169868027,-3.18198604300586,239.25,-187.601642175372,6.60777673456595
        ,239.25,-177.722169868027,304.481242061897,239.25,-187.601642175372,-3.18198604300585,239.25,0.460857824628164,6.60777673456595
        ,239.25,-10.4721698680266,304.481242061897,239.25,0.460857824628164,295.170276734566,239.25,-10.4721698680266,295.170276734566
        ,239.25,-177.722169868027,304.481242061897,239.25,-187.601642175372,6.60777673456595,239.25,-177.722169868027,-3.18198604300586
        ,239.25,-187.601642175372,-0.24448604300585,173.574771644443,-78.9514501376417,-0.24448604300585,128.320208584124
        ,-7.45472072982083,-0.24448604300585,173.574771644443,-7.32645013764167,-0.24448604300585,128.320208584124,-78.7047207298208
        ,-0.24448604300585,96.445208584124,-78.7047207298208,-0.24448604300585,50.6418107910183,-6.59959077491993,-0.24448604300585
        ,96.445208584124,-7.45472072982083,-0.24448604300585,50.6418107910183,-79.5995907749199,-0.24448604300585,205.574771644443
        ,-7.32645013764167,-0.244486043005907,129.987871345641,-105.613104461776,-0.24448604300585,173.024215828766,-106.086399424366
        ,-0.244486043005907,129.987871345641,-177.119866149158,-0.24448604300585,205.961715828766,-106.086399424366,-0.24448604300585
        ,173.024215828766,-178.586399424366,-0.244486043005907,98.2378713456414,-177.119866149158,-0.24448604300585,50.7749116950809
        ,-178.182964087328,-0.24448604300585,18.5874116950809,-178.182964087328,-0.24448604300585,211.54499159166,-2.53914217537184
        ,-0.24448604300585,0,-2.53914217537184,-0.244486043005856,211.54499159166,-182.101642175372,-0.24448604300585,205.574771644443
        ,-78.9514501376417,-0.24448604300585,18.1418107910183,-79.5995907749199,-0.24448604300585,205.961715828766,-178.586399424366
        ,-0.24448604300585,18.1418107910183,-6.59959077491993,-0.244486043005862,0,-182.101642175372,-0.24448604300585,18.5874116950809
        ,-106.307964087328,-0.244486043005907,98.2378713456414,-105.613104461776,-0.24448604300585,50.7749116950809,-106.307964087328
        ,-0.24448604300585,173.574771644443,-7.32645013764167,-0.24448604300585,128.320208584124,-7.45472072982083,-0.24448604300585
        ,173.574771644443,-78.9514501376417,-0.24448604300585,128.320208584124,-78.7047207298208,-0.24448604300585,96.445208584124
        ,-78.7047207298208,-0.24448604300585,50.6418107910183,-79.5995907749199,-0.24448604300585,96.445208584124,-7.45472072982083
        ,-0.24448604300585,50.6418107910183,-6.59959077491993,-0.24448604300585,205.574771644443,-7.32645013764167,-0.244486043005907
        ,129.987871345641,-177.119866149158,-0.24448604300585,173.024215828766,-106.086399424366,-0.244486043005907,129.987871345641
        ,-105.613104461776,-0.24448604300585,205.961715828766,-106.086399424366,-0.24448604300585,173.024215828766,-178.586399424366
        ,-0.244486043005907,98.2378713456414,-177.119866149158,-0.24448604300585,50.7749116950809,-178.182964087328,-0.24448604300585
        ,18.5874116950809,-178.182964087328,-0.24448604300585,0,-2.53914217537184,-0.24448604300585,211.54499159166,-2.53914217537184
        ,-0.244486043005856,211.54499159166,-182.101642175372,-0.24448604300585,205.574771644443,-78.9514501376417,-0.24448604300585
        ,18.1418107910183,-79.5995907749199,-0.24448604300585,205.961715828766,-178.586399424366,-0.244486043005862,0,-182.101642175372
        ,-0.24448604300585,18.1418107910183,-6.59959077491993,-0.24448604300585,18.5874116950809,-106.307964087328,-0.244486043005907
        ,98.2378713456414,-105.613104461776,-0.24448604300585,50.7749116950809,-106.307964087328,300.793742061897,171.590646747894
        ,-79.6105702759305,300.793742061897,202.465646747894,-8.79807027593046,300.793742061897,171.590646747894,-8.79807027593046
        ,300.793742061897,202.465646747894,-79.6105702759305,300.793742061897,171.590646747894,-8.79807027593046,300.793742061897
        ,202.465646747894,-8.79807027593046,300.793742061897,171.590646747894,-79.6105702759305,300.793742061897,202.465646747894
        ,-79.6105702759305,300.793742061897,170.842271318676,-175.645988913894,300.793742061897,202.592271318676,-105.458488913894
        ,300.793742061897,170.842271318676,-105.458488913894,300.793742061897,202.592271318676,-175.645988913894,300.793742061897
        ,170.842271318676,-105.458488913894,300.793742061897,202.592271318676,-105.458488913894,300.793742061897,170.842271318676
        ,-175.645988913894,300.793742061897,202.592271318676,-175.645988913894,300.793742061897,95.0632297581268,-78.8859704188824
        ,300.793742061897,127.000729758127,-8.69847041888237,300.793742061897,95.0632297581268,-8.69847041888237,300.793742061897
        ,127.000729758127,-78.8859704188824,300.793742061897,95.0632297581268,-8.69847041888237,300.793742061897,127.000729758127
        ,-8.69847041888237,300.793742061897,95.0632297581268,-78.8859704188824,300.793742061897,127.000729758127,-78.8859704188824
        ,300.793742061897,95.6722038612361,-175.81914507115,300.793742061897,127.422203861236,-106.06914507115,300.793742061897
        ,95.6722038612361,-106.06914507115,300.793742061897,127.422203861236,-175.81914507115,300.793742061897,95.6722038612361
        ,-106.06914507115,300.793742061897,127.422203861236,-106.06914507115,300.793742061897,95.6722038612361,-175.81914507115
        ,300.793742061897,127.422203861236,-175.81914507115,300.793742061897,20.8039041396877,-175.860005458042,300.793742061897
        ,51.6164041396877,-105.485005458042,300.793742061897,20.8039041396877,-105.485005458042,300.793742061897,51.6164041396877
        ,-175.860005458042,300.793742061897,20.8039041396877,-105.485005458042,300.793742061897,51.6164041396877,-105.485005458042
        ,300.793742061897,20.8039041396877,-175.860005458042,300.793742061897,51.6164041396877,-175.860005458042,300.793742061897
        ,19.8791436036557,-78.9503090455024,300.793742061897,50.9416436036557,-8.51280904550238,300.793742061897,19.8791436036557
        ,-8.51280904550238,300.793742061897,50.9416436036557,-78.9503090455024,300.793742061897,19.8791436036557,-8.51280904550238
        ,300.793742061897,50.9416436036557,-8.51280904550238,300.793742061897,19.8791436036557,-78.9503090455024,300.793742061897
        ,50.9416436036557,-78.9503090455024,-0.24448604300585,205.961715828766,-178.586399424366,-0.24448604300585,173.024215828766
        ,-106.086399424366,-0.24448604300585,205.961715828766,-106.086399424366,-0.24448604300585,173.024215828766,-178.586399424366
        ,-0.24448604300585,205.961715828766,-106.086399424366,-0.24448604300585,173.024215828766,-106.086399424366,-0.24448604300585
        ,205.961715828766,-178.586399424366,-0.24448604300585,173.024215828766,-178.586399424366,-0.24448604300585,205.574771644443
        ,-78.9514501376417,-0.24448604300585,173.574771644443,-7.32645013764167,-0.24448604300585,205.574771644443,-7.32645013764167
        ,-0.24448604300585,173.574771644443,-78.9514501376417,-0.24448604300585,205.574771644443,-7.32645013764167,-0.24448604300585
        ,173.574771644443,-7.32645013764167,-0.24448604300585,205.574771644443,-78.9514501376417,-0.24448604300585,173.574771644443
        ,-78.9514501376417,-0.24448604300585,128.320208584124,-78.7047207298208,-0.24448604300585,96.445208584124,-7.45472072982083
        ,-0.24448604300585,128.320208584124,-7.45472072982083,-0.24448604300585,96.445208584124,-78.7047207298208,-0.24448604300585
        ,128.320208584124,-7.45472072982083,-0.24448604300585,96.445208584124,-7.45472072982083,-0.24448604300585,128.320208584124
        ,-78.7047207298208,-0.24448604300585,96.445208584124,-78.7047207298208,-0.24448604300585,50.6418107910183,-79.5995907749199
        ,-0.24448604300585,18.1418107910183,-6.59959077491993,-0.24448604300585,50.6418107910183,-6.59959077491993,-0.24448604300585
        ,18.1418107910183,-79.5995907749199,-0.24448604300585,50.6418107910183,-6.59959077491993,-0.24448604300585,18.1418107910183
        ,-6.59959077491993,-0.24448604300585,50.6418107910183,-79.5995907749199,-0.24448604300585,18.1418107910183,-79.5995907749199
        ,-0.24448604300585,50.7749116950809,-178.182964087328,-0.24448604300585,18.5874116950809,-106.307964087328,-0.24448604300585
        ,50.7749116950809,-106.307964087328,-0.24448604300585,18.5874116950809,-178.182964087328,-0.24448604300585,50.7749116950809
        ,-106.307964087328,-0.24448604300585,18.5874116950809,-106.307964087328,-0.24448604300585,50.7749116950809,-178.182964087328
        ,-0.24448604300585,18.5874116950809,-178.182964087328,-0.244486043005907,129.987871345641,-177.119866149158,-0.244486043005907
        ,98.2378713456414,-105.613104461776,-0.244486043005907,129.987871345641,-105.613104461776,-0.244486043005907,98.2378713456414
        ,-177.119866149158,-0.244486043005907,129.987871345641,-105.613104461776,-0.244486043005907,98.2378713456414,-105.613104461776
        ,-0.244486043005907,129.987871345641,-177.119866149158,-0.244486043005907,98.2378713456414,-177.119866149158,287.812277862105
        ,206.554015229192,-7.22664217537184,214.937277862105,173.554015229192,-7.22664217537184,287.812277862105,173.554015229192
        ,-7.22664217537184,214.937277862105,206.554015229192,-7.22664217537184,287.812277862105,173.554015229192,-7.22664217537184
        ,214.937277862105,173.554015229192,-7.22664217537184,287.812277862105,206.554015229192,-7.22664217537184,214.937277862105
        ,206.554015229192,-7.22664217537184,214.937277862105,173.554015229192,-7.22664217537184,214.937277862105,206.554015229192
        ,-2.53914217537184,214.937277862105,173.554015229192,-2.53914217537184,214.937277862105,206.554015229192,-7.22664217537184
        ,214.937277862105,173.554015229192,-2.53914217537184,214.937277862105,206.554015229192,-2.53914217537184,214.937277862105
        ,173.554015229192,-7.22664217537184,214.937277862105,206.554015229192,-7.22664217537184,287.812277862105,173.554015229192
        ,-2.53914217537184,214.937277862105,173.554015229192,-7.22664217537184,214.937277862105,173.554015229192,-2.53914217537184
        ,287.812277862105,173.554015229192,-7.22664217537184,214.937277862105,173.554015229192,-2.53914217537184,214.937277862105
        ,173.554015229192,-7.22664217537184,287.812277862105,173.554015229192,-2.53914217537184,287.812277862105,173.554015229192
        ,-7.22664217537184,287.812277862105,206.554015229192,-7.22664217537184,287.812277862105,173.554015229192,-2.53914217537184
        ,287.812277862105,206.554015229192,-2.53914217537184,287.812277862105,173.554015229192,-7.22664217537184,287.812277862105
        ,206.554015229192,-2.53914217537184,287.812277862105,173.554015229192,-2.53914217537184,287.812277862105,206.554015229192
        ,-7.22664217537184,287.812277862105,173.554015229192,-7.22664217537184,287.812277862105,206.554015229192,-7.22664217537184
        ,214.937277862105,206.554015229192,-2.53914217537184,214.937277862105,206.554015229192,-7.22664217537184,287.812277862105
        ,206.554015229192,-2.53914217537184,214.937277862105,206.554015229192,-7.22664217537184,214.937277862105,206.554015229192
        ,-2.53914217537184,287.812277862105,206.554015229192,-7.22664217537184,287.812277862105,206.554015229192,-2.53914217537184
        ,186.841704408865,206.690319130994,-8.60164217537184,114.091704408865,173.752819130994,-8.60164217537184,186.841704408865
        ,173.752819130994,-8.60164217537184,114.091704408865,206.690319130994,-8.60164217537184,186.841704408865,173.752819130994
        ,-8.60164217537184,114.091704408865,173.752819130994,-8.60164217537184,186.841704408865,206.690319130994,-8.60164217537184
        ,114.091704408865,206.690319130994,-8.60164217537184,114.091704408865,173.752819130994,-8.60164217537184,114.091704408865
        ,206.690319130994,-2.53914217537184,114.091704408865,173.752819130994,-2.53914217537184,114.091704408865,206.690319130994
        ,-8.60164217537184,114.091704408865,173.752819130994,-2.53914217537184,114.091704408865,206.690319130994,-2.53914217537184
        ,114.091704408865,173.752819130994,-8.60164217537184,114.091704408865,206.690319130994,-8.60164217537184,186.841704408865
        ,173.752819130994,-2.53914217537184,114.091704408865,173.752819130994,-8.60164217537184,114.091704408865,173.752819130994
        ,-2.53914217537184,186.841704408865,173.752819130994,-8.60164217537184,114.091704408865,173.752819130994,-2.53914217537184
        ,114.091704408865,173.752819130994,-8.60164217537184,186.841704408865,173.752819130994,-2.53914217537184,186.841704408865
        ,173.752819130994,-8.60164217537184,186.841704408865,206.690319130994,-8.60164217537184,186.841704408865,173.752819130994
        ,-2.53914217537184,186.841704408865,206.690319130994,-2.53914217537184,186.841704408865,173.752819130994,-8.60164217537184
        ,186.841704408865,206.690319130994,-2.53914217537184,186.841704408865,173.752819130994,-2.53914217537184,186.841704408865
        ,206.690319130994,-8.60164217537184,186.841704408865,173.752819130994,-8.60164217537184,186.841704408865,206.690319130994
        ,-8.60164217537184,114.091704408865,206.690319130994,-2.53914217537184,114.091704408865,206.690319130994,-8.60164217537184
        ,186.841704408865,206.690319130994,-2.53914217537184,114.091704408865,206.690319130994,-8.60164217537184,114.091704408865
        ,206.690319130994,-2.53914217537184,186.841704408865,206.690319130994,-8.60164217537184,186.841704408865,206.690319130994
        ,-2.53914217537184,86.672361265302,206.931559615444,-7.41414217537184,12.859861265302,174.244059615444,-7.41414217537184
        ,86.672361265302,174.244059615444,-7.41414217537184,12.859861265302,206.931559615444,-7.41414217537184,86.672361265302
        ,174.244059615444,-7.41414217537184,12.859861265302,174.244059615444,-7.41414217537184,86.672361265302,206.931559615444
        ,-7.41414217537184,12.859861265302,206.931559615444,-7.41414217537184,86.672361265302,206.931559615444,-7.41414217537184
        ,86.672361265302,174.244059615444,-2.53914217537184,86.672361265302,206.931559615444,-2.53914217537184,86.672361265302
        ,174.244059615444,-7.41414217537184,86.672361265302,206.931559615444,-2.53914217537184,86.672361265302,174.244059615444
        ,-2.53914217537184,86.672361265302,206.931559615444,-7.41414217537184,86.672361265302,174.244059615444,-7.41414217537184
        ,86.672361265302,206.931559615444,-7.41414217537184,12.859861265302,206.931559615444,-2.53914217537184,12.859861265302
        ,206.931559615444,-7.41414217537184,86.672361265302,206.931559615444,-2.53914217537184,12.859861265302,206.931559615444
        ,-7.41414217537184,12.859861265302,206.931559615444,-2.53914217537184,86.672361265302,206.931559615444,-7.41414217537184
        ,86.672361265302,206.931559615444,-2.53914217537184,12.859861265302,174.244059615444,-7.41414217537184,12.859861265302
        ,206.931559615444,-2.53914217537184,12.859861265302,174.244059615444,-2.53914217537184,12.859861265302,206.931559615444
        ,-7.41414217537184,12.859861265302,174.244059615444,-2.53914217537184,12.859861265302,206.931559615444,-2.53914217537184
        ,12.859861265302,174.244059615444,-7.41414217537184,12.859861265302,206.931559615444,-7.41414217537184,86.672361265302
        ,174.244059615444,-2.53914217537184,12.859861265302,174.244059615444,-7.41414217537184,12.859861265302,174.244059615444
        ,-2.53914217537184,86.672361265302,174.244059615444,-7.41414217537184,12.859861265302,174.244059615444,-2.53914217537184
        ,12.859861265302,174.244059615444,-7.41414217537184,86.672361265302,174.244059615444,-2.53914217537184,86.672361265302
        ,174.244059615444,-7.41414217537184,287.213881143223,128.643011014588,-8.10164217537184,214.838881143223,95.5805110145877
        ,-8.10164217537184,287.213881143223,95.5805110145877,-8.10164217537184,214.838881143223,128.643011014588,-8.10164217537184
        ,287.213881143223,95.5805110145877,-8.10164217537184,214.838881143223,95.5805110145877,-8.10164217537184,287.213881143223
        ,128.643011014588,-8.10164217537184,214.838881143223,128.643011014588,-8.10164217537184,214.838881143223,95.5805110145877
        ,-8.10164217537184,214.838881143223,128.643011014588,-2.53914217537184,214.838881143223,95.5805110145877,-2.53914217537184
        ,214.838881143223,128.643011014588,-8.10164217537184,214.838881143223,95.5805110145877,-2.53914217537184,214.838881143223
        ,128.643011014588,-2.53914217537184,214.838881143223,95.5805110145877,-8.10164217537184,214.838881143223,128.643011014588
        ,-8.10164217537184,287.213881143223,95.5805110145877,-2.53914217537184,214.838881143223,95.5805110145877,-8.10164217537184
        ,214.838881143223,95.5805110145877,-2.53914217537184,287.213881143223,95.5805110145877,-8.10164217537184,214.838881143223
        ,95.5805110145877,-2.53914217537184,214.838881143223,95.5805110145877,-8.10164217537184,287.213881143223,95.5805110145877
        ,-2.53914217537184,287.213881143223,95.5805110145877,-8.10164217537184,287.213881143223,128.643011014588,-8.10164217537184
        ,287.213881143223,95.5805110145877,-2.53914217537184,287.213881143223,128.643011014588,-2.53914217537184,287.213881143223
        ,95.5805110145877,-8.10164217537184,287.213881143223,128.643011014588,-2.53914217537184,287.213881143223,95.5805110145877
        ,-2.53914217537184,287.213881143223,128.643011014588,-8.10164217537184,287.213881143223,95.5805110145877,-8.10164217537184
        ,287.213881143223,128.643011014588,-8.10164217537184,214.838881143223,128.643011014588,-2.53914217537184,214.838881143223
        ,128.643011014588,-8.10164217537184,287.213881143223,128.643011014588,-2.53914217537184,214.838881143223,128.643011014588
        ,-8.10164217537184,214.838881143223,128.643011014588,-2.53914217537184,287.213881143223,128.643011014588,-8.10164217537184
        ,287.213881143223,128.643011014588,-2.53914217537184,186.778127409163,128.647771060237,-8.78914217537184,113.465627409163
        ,95.8352710602373,-8.78914217537184,186.778127409163,95.8352710602373,-8.78914217537184,113.465627409163,128.647771060237
        ,-8.78914217537184,186.778127409163,95.8352710602373,-8.78914217537184,113.465627409163,95.8352710602373,-8.78914217537184
        ,186.778127409163,128.647771060237,-8.78914217537184,113.465627409163,128.647771060237,-8.78914217537184,186.778127409163
        ,128.647771060237,-8.78914217537184,113.465627409163,128.647771060237,-2.53914217537184,113.465627409163,128.647771060237
        ,-8.78914217537184,186.778127409163,128.647771060237,-2.53914217537184,113.465627409163,128.647771060237,-8.78914217537184
        ,113.465627409163,128.647771060237,-2.53914217537184,186.778127409163,128.647771060237,-8.78914217537184,186.778127409163
        ,128.647771060237,-2.53914217537184,113.465627409163,95.8352710602373,-8.78914217537184,113.465627409163,128.647771060237
        ,-2.53914217537184,113.465627409163,95.8352710602373,-2.53914217537184,113.465627409163,128.647771060237,-8.78914217537184
        ,113.465627409163,95.8352710602373,-2.53914217537184,113.465627409163,128.647771060237,-2.53914217537184,113.465627409163
        ,95.8352710602373,-8.78914217537184,113.465627409163,128.647771060237,-8.78914217537184,186.778127409163,95.8352710602373
        ,-2.53914217537184,113.465627409163,95.8352710602373,-8.78914217537184,113.465627409163,95.8352710602373,-2.53914217537184
        ,186.778127409163,95.8352710602373,-8.78914217537184,113.465627409163,95.8352710602373,-2.53914217537184,113.465627409163
        ,95.8352710602373,-8.78914217537184,186.778127409163,95.8352710602373,-2.53914217537184,186.778127409163,95.8352710602373
        ,-8.78914217537184,186.778127409163,128.647771060237,-8.78914217537184,186.778127409163,95.8352710602373,-2.53914217537184
        ,186.778127409163,128.647771060237,-2.53914217537184,186.778127409163,95.8352710602373,-8.78914217537184,186.778127409163
        ,128.647771060237,-2.53914217537184,186.778127409163,95.8352710602373,-2.53914217537184,186.778127409163,128.647771060237
        ,-8.78914217537184,186.778127409163,95.8352710602373,-8.78914217537184,86.1630198915368,126.999762786908,-10.2266421753718
        ,12.4755198915368,96.0622627869077,-10.2266421753718,86.1630198915368,96.0622627869077,-10.2266421753718,12.4755198915368
        ,126.999762786908,-10.2266421753718,86.1630198915368,96.0622627869077,-10.2266421753718,12.4755198915368,96.0622627869077
        ,-10.2266421753718,86.1630198915368,126.999762786908,-10.2266421753718,12.4755198915368,126.999762786908,-10.2266421753718
        ,86.1630198915368,126.999762786908,-10.2266421753718,12.4755198915368,126.999762786908,-2.53914217537184,12.4755198915368
        ,126.999762786908,-10.2266421753718,86.1630198915368,126.999762786908,-2.53914217537184,12.4755198915368,126.999762786908
        ,-10.2266421753718,12.4755198915368,126.999762786908,-2.53914217537184,86.1630198915368,126.999762786908,-10.2266421753718
        ,86.1630198915368,126.999762786908,-2.53914217537184,12.4755198915368,96.0622627869077,-10.2266421753718,12.4755198915368
        ,126.999762786908,-2.53914217537184,12.4755198915368,96.0622627869077,-2.53914217537184,12.4755198915368,126.999762786908
        ,-10.2266421753718,12.4755198915368,96.0622627869077,-2.53914217537184,12.4755198915368,126.999762786908,-2.53914217537184
        ,12.4755198915368,96.0622627869077,-10.2266421753718,12.4755198915368,126.999762786908,-10.2266421753718,86.1630198915368
        ,96.0622627869077,-2.53914217537184,12.4755198915368,96.0622627869077,-10.2266421753718,12.4755198915368,96.0622627869077
        ,-2.53914217537184,86.1630198915368,96.0622627869077,-10.2266421753718,12.4755198915368,96.0622627869077,-2.53914217537184
        ,12.4755198915368,96.0622627869077,-10.2266421753718,86.1630198915368,96.0622627869077,-2.53914217537184,86.1630198915368
        ,96.0622627869077,-10.2266421753718,86.1630198915368,126.999762786908,-10.2266421753718,86.1630198915368,96.0622627869077
        ,-2.53914217537184,86.1630198915368,126.999762786908,-2.53914217537184,86.1630198915368,96.0622627869077,-10.2266421753718
        ,86.1630198915368,126.999762786908,-2.53914217537184,86.1630198915368,96.0622627869077,-2.53914217537184,86.1630198915368
        ,126.999762786908,-10.2266421753718,86.1630198915368,96.0622627869077,-10.2266421753718,287.843279024403,49.659225204189
        ,-8.72664217537184,214.093279024403,16.909225204189,-8.72664217537184,287.843279024403,16.909225204189,-8.72664217537184
        ,214.093279024403,49.659225204189,-8.72664217537184,287.843279024403,16.909225204189,-8.72664217537184,214.093279024403
        ,16.909225204189,-8.72664217537184,287.843279024403,49.659225204189,-8.72664217537184,214.093279024403,49.659225204189
        ,-8.72664217537184,287.843279024403,49.659225204189,-8.72664217537184,214.093279024403,49.659225204189,-2.53914217537184
        ,214.093279024403,49.659225204189,-8.72664217537184,287.843279024403,49.659225204189,-2.53914217537184,214.093279024403
        ,49.659225204189,-8.72664217537184,214.093279024403,49.659225204189,-2.53914217537184,287.843279024403,49.659225204189
        ,-8.72664217537184,287.843279024403,49.659225204189,-2.53914217537184,214.093279024403,16.909225204189,-8.72664217537184
        ,214.093279024403,49.659225204189,-2.53914217537184,214.093279024403,16.909225204189,-2.53914217537184,214.093279024403
        ,49.659225204189,-8.72664217537184,214.093279024403,16.909225204189,-2.53914217537184,214.093279024403,49.659225204189
        ,-2.53914217537184,214.093279024403,16.909225204189,-8.72664217537184,214.093279024403,49.659225204189,-8.72664217537184
        ,287.843279024403,16.909225204189,-2.53914217537184,214.093279024403,16.909225204189,-8.72664217537184,214.093279024403
        ,16.909225204189,-2.53914217537184,287.843279024403,16.909225204189,-8.72664217537184,214.093279024403,16.909225204189
        ,-2.53914217537184,214.093279024403,16.909225204189,-8.72664217537184,287.843279024403,16.909225204189,-2.53914217537184
        ,287.843279024403,16.909225204189,-8.72664217537184,287.843279024403,49.659225204189,-8.72664217537184,287.843279024403
        ,16.909225204189,-2.53914217537184,287.843279024403,49.659225204189,-2.53914217537184,287.843279024403,16.909225204189
        ,-8.72664217537184,287.843279024403,49.659225204189,-2.53914217537184,287.843279024403,16.909225204189,-2.53914217537184
        ,287.843279024403,49.659225204189,-8.72664217537184,287.843279024403,16.909225204189,-8.72664217537184,187.495709023973
        ,50.0996045300766,-8.10164217537184,112.683209023973,16.4121045300766,-8.10164217537184,187.495709023973,16.4121045300766
        ,-8.10164217537184,112.683209023973,50.0996045300766,-8.10164217537184,187.495709023973,16.4121045300766,-8.10164217537184
        ,112.683209023973,16.4121045300766,-8.10164217537184,187.495709023973,50.0996045300766,-8.10164217537184,112.683209023973
        ,50.0996045300766,-8.10164217537184,187.495709023973,16.4121045300766,-2.53914217537184,112.683209023973,16.4121045300766
        ,-8.10164217537184,112.683209023973,16.4121045300766,-2.53914217537184,187.495709023973,16.4121045300766,-8.10164217537184
        ,112.683209023973,16.4121045300766,-2.53914217537184,112.683209023973,16.4121045300766,-8.10164217537184,187.495709023973
        ,16.4121045300766,-2.53914217537184,187.495709023973,16.4121045300766,-8.10164217537184,187.495709023973,50.0996045300766
        ,-8.10164217537184,187.495709023973,16.4121045300766,-2.53914217537184,187.495709023973,50.0996045300766,-2.53914217537184
